00.00000040000  -9.6000
00.00000000000  -8.8000
0.000000400000 -8.80000
0.000000800000 -8.80000
0.000001200000 -6.40000
0.000001600000 -6.40000
0.000002000000 -4.80000
0.000002400000 -4.00000
0.000002800000 -2.40000
0.000003200000  0.00000
0.000003600000  0.80000
0.000004000000  2.40000
0.000004400000  3.20000
0.000004800000  5.60000
0.000005200000  8.80000
0.000005600000  9.60000
0.000006000000 11.20000
0.000006400000 12.80000
0.000006800000 15.20000
0.000007200000 17.60000
0.000007600000 19.20000
0.000008000000 20.80000
0.000008400000 23.20000
0.000008800000 26.40000
0.000009200000 27.20000
0.000009600000 29.60000
0.000010000000 32.00000
0.000010400000 33.60000
0.000010800000 34.40000
0.000011200000 37.60000
0.000011600000 40.00000
0.000012000000 40.80000
0.000012400000 42.40000
0.000012800000 43.20000
0.000013200000 44.80000
0.000013600000 46.40000
0.000014000000 47.20000
0.000014400000 48.00000
0.000014800000 48.80000
0.000015200000 51.20000
0.000015600000 51.20000
0.000016000000 51.20000
0.000016400000 52.00000
0.000016800000 52.00000
0.000017200000 52.00000
0.000017600000 52.00000
0.000018000000 52.80000
0.000018400000 52.80000
0.000018800000 51.20000
0.000019200000 51.20000
0.000019600000 49.60000
0.000020000000 50.40000
0.000020400000 49.60000
0.000020800000 48.00000
0.000021200000 48.00000
0.000021600000 47.20000
0.000022000000 45.60000
0.000022400000 43.20000
0.000022800000 41.60000
0.000023200000 40.80000
0.000023600000 39.20000
0.000024000000 37.60000
0.000024400000 35.20000
0.000024800000 34.40000
0.000025200000 31.20000
0.000025600000 29.60000
0.000026000000 27.20000
0.000026400000 27.20000
0.000026800000 25.60000
0.000027200000 21.60000
0.000027600000 20.00000
0.000028000000 19.20000
0.000028400000 16.80000
0.000028800000 15.20000
0.000029200000 14.40000
0.000029600000 12.00000
0.000030000000 10.40000
0.000030400000  8.80000
0.000030800000  8.00000
0.000031200000  4.80000
0.000031600000  4.00000
0.000032000000  2.40000
0.000032400000  0.80000
0.000032800000  0.00000
0.000033200000 -0.80000
0.000033600000 -2.40000
0.000034000000 -2.40000
0.000034400000 -4.00000
0.000034800000 -4.00000
0.000035200000 -4.80000
0.000035600000 -4.80000
0.000036000000 -4.00000
0.000036400000 -4.80000
0.000036800000 -4.00000
0.000037200000 -4.80000
0.000037600000 -4.00000
0.000038000000 -3.20000
0.000038400000 -3.20000
0.000038800000 -2.40000
0.000039200000 -1.60000
0.000039600000 -1.60000
0.000040000000  0.00000
0.000040400000  0.80000
0.000040800000  1.60000
0.000041200000  2.40000
0.000041600000  4.80000
0.000042000000  5.60000
0.000042400000  6.40000
0.000042800000 10.40000
0.000043200000 11.20000
0.000043600000 12.80000
0.000044000000 13.60000
0.000044400000 15.20000
0.000044800000 18.40000
0.000045200000 20.00000
0.000045600000 20.80000
0.000046000000 22.40000
0.000046400000 24.80000
0.000046800000 26.40000
0.000047200000 28.00000
0.000047600000 29.60000
0.000048000000 32.00000
0.000048400000 33.60000
0.000048800000 34.40000
0.000049200000 35.20000
0.000049600000 38.40000
0.000050000000 40.00000
0.000050400000 40.00000
0.000050800000 41.60000
0.000051200000 43.20000
0.000051600000 44.00000
0.000052000000 44.00000
0.000052400000 45.60000
0.000052800000 46.40000
0.000053200000 46.40000
0.000053600000 47.20000
0.000054000000 48.00000
0.000054400000 48.80000
0.000054800000 48.80000
0.000055200000 48.80000
0.000055600000 48.00000
0.000056000000 48.80000
0.000056400000 47.20000
0.000056800000 48.00000
0.000057200000 46.40000
0.000057600000 45.60000
0.000058000000 46.40000
0.000058400000 44.80000
0.000058800000 44.80000
0.000059200000 43.20000
0.000059600000 43.20000
0.000060000000 40.80000
0.000060400000 39.20000
0.000060800000 39.20000
0.000061200000 37.60000
0.000061600000 36.80000
0.000062000000 34.40000
0.000062400000 32.00000
0.000062800000 31.20000
0.000063200000 30.40000
0.000063600000 27.20000
0.000064000000 26.40000
0.000064400000 24.80000
0.000064800000 23.20000
0.000065200000 20.80000
0.000065600000 20.00000
0.000066000000 18.40000
0.000066400000 17.60000
0.000066800000 14.40000
0.000067200000 14.40000
0.000067600000 12.80000
0.000068000000 11.20000
0.000068400000  9.60000
0.000068800000  8.00000
0.000069200000  6.40000
0.000069600000  6.40000
0.000070000000  4.80000
0.000070400000  4.00000
0.000070800000  1.60000
0.000071200000  1.60000
0.000071600000  0.80000
0.000072000000 -0.80000
0.000072400000 -0.80000
0.000072800000 -0.80000
0.000073200000 -0.80000
0.000073600000 -1.60000
0.000074000000 -1.60000
0.000074400000 -0.80000
0.000074800000 -0.80000
0.000075200000 -1.60000
0.000075600000 -1.60000
0.000076000000  0.00000
0.000076400000  0.80000
0.000076800000  0.80000
0.000077200000  2.40000
0.000077600000  3.20000
0.000078000000  4.00000
0.000078400000  4.80000
0.000078800000  5.60000
0.000079200000  6.40000
0.000079600000  8.00000
0.000080000000  8.00000
0.000080400000 10.40000
0.000080800000 12.00000
0.000081200000 12.80000
0.000081600000 15.20000
0.000082000000 16.00000
0.000082400000 17.60000
0.000082800000 19.20000
0.000083200000 21.60000
0.000083600000 21.60000
0.000084000000 23.20000
0.000084400000 26.40000
0.000084800000 27.20000
0.000085200000 28.00000
0.000085600000 29.60000
0.000086000000 30.40000
0.000086400000 31.20000
0.000086800000 33.60000
0.000087200000 34.40000
0.000087600000 35.20000
0.000088000000 37.60000
0.000088400000 37.60000
0.000088800000 38.40000
0.000089200000 39.20000
0.000089600000 41.60000
0.000090000000 41.60000
0.000090400000 43.20000
0.000090800000 43.20000
0.000091200000 44.00000
0.000091600000 44.00000
0.000092000000 44.00000
0.000092400000 44.80000
0.000092800000 45.60000
0.000093200000 44.00000
0.000093600000 44.80000
0.000094000000 44.00000
0.000094400000 44.80000
0.000094800000 44.00000
0.000095200000 43.20000
0.000095600000 42.40000
0.000096000000 42.40000
0.000096400000 41.60000
0.000096800000 40.00000
0.000097200000 39.20000
0.000097600000 40.00000
0.000098000000 36.80000
0.000098400000 36.80000
0.000098800000 36.00000
0.000099200000 34.40000
0.000099600000 33.60000
0.000100000000 32.00000
0.000100400000 30.40000
0.000100800000 29.60000
0.000101200000 28.00000
0.000101600000 25.60000
0.000102000000 25.60000
0.000102400000 24.00000
0.000102800000 22.40000
0.000103200000 20.80000
0.000103600000 20.00000
0.000104000000 18.40000
0.000104400000 16.80000
0.000104800000 15.20000
0.000105200000 14.40000
0.000105600000 12.80000
0.000106000000 12.00000
0.000106400000 11.20000
0.000106800000  9.60000
0.000107200000  8.00000
0.000107600000  8.00000
0.000108000000  7.20000
0.000108400000  5.60000
0.000108800000  4.80000
0.000109200000  4.80000
0.000109600000  4.00000
0.000110000000  4.00000
0.000110400000  3.20000
0.000110800000  2.40000
0.000111200000  3.20000
0.000111600000  2.40000
0.000112000000  1.60000
0.000112400000  2.40000
0.000112800000  2.40000
0.000113200000  2.40000
0.000113600000  4.00000
0.000114000000  3.20000
0.000114400000  4.00000
0.000114800000  3.20000
0.000115200000  4.80000
0.000115600000  6.40000
0.000116000000  7.20000
0.000116400000  7.20000
0.000116800000  8.00000
0.000117200000 10.40000
0.000117600000 11.20000
0.000118000000 11.20000
0.000118400000 13.60000
0.000118800000 13.60000
0.000119200000 16.00000
0.000119600000 16.80000
0.000120000000 16.80000
0.000120400000 17.60000
0.000120800000 20.00000
0.000121200000 21.60000
0.000121600000 22.40000
0.000122000000 24.00000
0.000122400000 27.20000
0.000122800000 28.00000
0.000123200000 28.00000
0.000123600000 28.80000
0.000124000000 32.00000
0.000124400000 32.00000
0.000124800000 32.80000
0.000125200000 33.60000
0.000125600000 34.40000
0.000126000000 35.20000
0.000126400000 36.80000
0.000126800000 37.60000
0.000127200000 37.60000
0.000127600000 39.20000
0.000128000000 39.20000
0.000128400000 40.00000
0.000128800000 40.80000
0.000129200000 41.60000
0.000129600000 40.80000
0.000130000000 41.60000
0.000130400000 42.40000
0.000130800000 41.60000
0.000131200000 40.80000
0.000131600000 40.80000
0.000132000000 40.00000
0.000132400000 40.80000
0.000132800000 39.20000
0.000133200000 39.20000
0.000133600000 39.20000
0.000134000000 39.20000
0.000134400000 38.40000
0.000134800000 36.80000
0.000135200000 37.60000
0.000135600000 36.80000
0.000136000000 35.20000
0.000136400000 33.60000
0.000136800000 33.60000
0.000137200000 33.60000
0.000137600000 32.00000
0.000138000000 28.80000
0.000138400000 28.00000
0.000138800000 28.00000
0.000139200000 27.20000
0.000139600000 24.80000
0.000140000000 24.80000
0.000140400000 24.00000
0.000140800000 21.60000
0.000141200000 19.20000
0.000141600000 20.00000
0.000142000000 18.40000
0.000142400000 17.60000
0.000142800000 15.20000
0.000143200000 14.40000
0.000143600000 13.60000
0.000144000000 12.80000
0.000144400000 12.00000
0.000144800000 11.20000
0.000145200000  9.60000
0.000145600000 10.40000
0.000146000000  8.00000
0.000146400000  7.20000
0.000146800000  8.00000
0.000147200000  6.40000
0.000147600000  6.40000
0.000148000000  7.20000
0.000148400000  6.40000
0.000148800000  4.80000
0.000149200000  5.60000
0.000149600000  5.60000
0.000150000000  4.00000
0.000150400000  4.80000
0.000150800000  6.40000
0.000151200000  4.00000
0.000151600000  5.60000
0.000152000000  6.40000
0.000152400000  7.20000
0.000152800000  7.20000
0.000153200000  8.00000
0.000153600000  8.80000
0.000154000000  9.60000
0.000154400000 10.40000
0.000154800000 11.20000
0.000155200000 12.00000
0.000155600000 13.60000
0.000156000000 13.60000
0.000156400000 15.20000
0.000156800000 16.00000
0.000157200000 16.80000
0.000157600000 17.60000
0.000158000000 19.20000
0.000158400000 20.00000
0.000158800000 22.40000
0.000159200000 22.40000
0.000159600000 24.00000
0.000160000000 24.80000
0.000160400000 24.80000
0.000160800000 26.40000
0.000161200000 26.40000
0.000161600000 28.80000
0.000162000000 30.40000
0.000162400000 31.20000
0.000162800000 32.00000
0.000163200000 32.80000
0.000163600000 34.40000
0.000164000000 34.40000
0.000164400000 35.20000
0.000164800000 36.00000
0.000165200000 36.80000
0.000165600000 36.80000
0.000166000000 36.80000
0.000166400000 37.60000
0.000166800000 37.60000
0.000167200000 38.40000
0.000167600000 37.60000
0.000168000000 38.40000
0.000168400000 39.20000
0.000168800000 39.20000
0.000169200000 38.40000
0.000169600000 39.20000
0.000170000000 38.40000
0.000170400000 37.60000
0.000170800000 37.60000
0.000171200000 36.80000
0.000171600000 36.00000
0.000172000000 36.00000
0.000172400000 36.00000
0.000172800000 34.40000
0.000173200000 34.40000
0.000173600000 34.40000
0.000174000000 32.80000
0.000174400000 32.00000
0.000174800000 31.20000
0.000175200000 31.20000
0.000175600000 29.60000
0.000176000000 28.80000
0.000176400000 27.20000
0.000176800000 27.20000
0.000177200000 25.60000
0.000177600000 24.00000
0.000178000000 23.20000
0.000178400000 21.60000
0.000178800000 21.60000
0.000179200000 19.20000
0.000179600000 18.40000
0.000180000000 18.40000
0.000180400000 17.60000
0.000180800000 15.20000
0.000181200000 16.00000
0.000181600000 14.40000
0.000182000000 14.40000
0.000182400000 12.80000
0.000182800000 12.00000
0.000183200000 12.00000
0.000183600000 11.20000
0.000184000000 10.40000
0.000184400000  9.60000
0.000184800000  9.60000
0.000185200000  8.80000
0.000185600000  8.80000
0.000186000000  8.00000
0.000186400000  8.00000
0.000186800000  8.00000
0.000187200000  8.00000
0.000187600000  8.80000
0.000188000000  8.00000
0.000188400000  8.00000
0.000188800000  8.00000
0.000189200000  8.80000
0.000189600000  8.80000
0.000190000000  9.60000
0.000190400000  9.60000
0.000190800000  9.60000
0.000191200000  9.60000
0.000191600000 11.20000
0.000192000000 12.00000
0.000192400000 12.00000
0.000192800000 12.80000
0.000193200000 13.60000
0.000193600000 15.20000
0.000194000000 15.20000
0.000194400000 16.00000
0.000194800000 17.60000
0.000195200000 19.20000
0.000195600000 18.40000
0.000196000000 19.20000
0.000196400000 21.60000
0.000196800000 23.20000
0.000197200000 22.40000
0.000197600000 24.00000
0.000198000000 24.80000
0.000198400000 26.40000
0.000198800000 26.40000
0.000199200000 28.00000
0.000199600000 28.00000
0.000200000000 29.60000
0.000200400000 29.60000
0.000200800000 29.60000
0.000201200000 32.00000
0.000201600000 33.60000
0.000202000000 33.60000
0.000202400000 34.40000
0.000202800000 33.60000
0.000203200000 36.00000
0.000203600000 35.20000
0.000204000000 36.00000
0.000204400000 36.00000
0.000204800000 36.00000
0.000205200000 36.00000
0.000205600000 36.80000
0.000206000000 36.00000
0.000206400000 36.00000
0.000206800000 37.60000
0.000207200000 36.00000
0.000207600000 36.00000
0.000208000000 36.00000
0.000208400000 36.00000
0.000208800000 35.20000
0.000209200000 35.20000
0.000209600000 35.20000
0.000210000000 33.60000
0.000210400000 33.60000
0.000210800000 31.20000
0.000211200000 31.20000
0.000211600000 32.80000
0.000212000000 30.40000
0.000212400000 29.60000
0.000212800000 28.80000
0.000213200000 28.80000
0.000213600000 28.80000
0.000214000000 26.40000
0.000214400000 26.40000
0.000214800000 25.60000
0.000215200000 24.00000
0.000215600000 23.20000
0.000216000000 22.40000
0.000216400000 23.20000
0.000216800000 20.80000
0.000217200000 20.80000
0.000217600000 19.20000
0.000218000000 18.40000
0.000218400000 16.80000
0.000218800000 16.00000
0.000219200000 15.20000
0.000219600000 15.20000
0.000220000000 15.20000
0.000220400000 14.40000
0.000220800000 12.80000
0.000221200000 12.80000
0.000221600000 12.00000
0.000222000000 11.20000
0.000222400000 10.40000
0.000222800000 10.40000
0.000223200000 10.40000
0.000223600000  9.60000
0.000224000000  8.80000
0.000224400000 10.40000
0.000224800000 10.40000
0.000225200000  9.60000
0.000225600000  8.80000
0.000226000000  9.60000
0.000226400000 10.40000
0.000226800000 11.20000
0.000227200000 10.40000
0.000227600000 11.20000
0.000228000000 11.20000
0.000228400000 11.20000
0.000228800000 12.00000
0.000229200000 12.00000
0.000229600000 12.80000
0.000230000000 12.80000
0.000230400000 13.60000
0.000230800000 14.40000
0.000231200000 16.00000
0.000231600000 16.00000
0.000232000000 17.60000
0.000232400000 17.60000
0.000232800000 18.40000
0.000233200000 19.20000
0.000233600000 19.20000
0.000234000000 20.80000
0.000234400000 21.60000
0.000234800000 23.20000
0.000235200000 23.20000
0.000235600000 24.00000
0.000236000000 25.60000
0.000236400000 25.60000
0.000236800000 25.60000
0.000237200000 27.20000
0.000237600000 28.00000
0.000238000000 28.80000
0.000238400000 28.80000
0.000238800000 29.60000
0.000239200000 30.40000
0.000239600000 31.20000
0.000240000000 31.20000
0.000240400000 32.00000
0.000240800000 32.80000
0.000241200000 34.40000
0.000241600000 34.40000
0.000242000000 33.60000
0.000242400000 34.40000
0.000242800000 34.40000
0.000243200000 34.40000
0.000243600000 34.40000
0.000244000000 34.40000
0.000244400000 34.40000
0.000244800000 33.60000
0.000245200000 34.40000
0.000245600000 34.40000
0.000246000000 33.60000
0.000246400000 34.40000
0.000246800000 32.80000
0.000247200000 32.80000
0.000247600000 32.00000
0.000248000000 32.00000
0.000248400000 31.20000
0.000248800000 30.40000
0.000249200000 30.40000
0.000249600000 31.20000
0.000250000000 28.80000
0.000250400000 28.00000
0.000250800000 28.00000
0.000251200000 27.20000
0.000251600000 26.40000
0.000252000000 25.60000
0.000252400000 25.60000
0.000252800000 24.80000
0.000253200000 24.00000
0.000253600000 21.60000
0.000254000000 21.60000
0.000254400000 22.40000
0.000254800000 20.00000
0.000255200000 20.00000
0.000255600000 18.40000
0.000256000000 18.40000
0.000256400000 17.60000
0.000256800000 16.80000
0.000257200000 16.80000
0.000257600000 16.00000
0.000258000000 16.00000
0.000258400000 14.40000
0.000258800000 13.60000
0.000259200000 13.60000
0.000259600000 13.60000
0.000260000000 12.00000
0.000260400000 12.00000
0.000260800000 11.20000
0.000261200000 12.00000
0.000261600000 12.00000
0.000262000000 12.00000
0.000262400000 12.00000
0.000262800000 11.20000
0.000263200000 12.00000
0.000263600000 12.00000
0.000264000000 12.00000
0.000264400000 12.00000
0.000264800000 11.20000
0.000265200000 12.00000
0.000265600000 13.60000
0.000266000000 13.60000
0.000266400000 13.60000
0.000266800000 13.60000
0.000267200000 14.40000
0.000267600000 15.20000
0.000268000000 15.20000
0.000268400000 15.20000
0.000268800000 16.80000
0.000269200000 17.60000
0.000269600000 17.60000
0.000270000000 17.60000
0.000270400000 18.40000
0.000270800000 18.40000
0.000271200000 20.00000
0.000271600000 21.60000
0.000272000000 20.80000
0.000272400000 23.20000
0.000272800000 22.40000
0.000273200000 23.20000
0.000273600000 24.00000
0.000274000000 24.80000
0.000274400000 26.40000
0.000274800000 26.40000
0.000275200000 26.40000
0.000275600000 28.80000
0.000276000000 29.60000
0.000276400000 28.00000
0.000276800000 29.60000
0.000277200000 28.80000
0.000277600000 30.40000
0.000278000000 30.40000
0.000278400000 30.40000
0.000278800000 31.20000
0.000279200000 31.20000
0.000279600000 31.20000
0.000280000000 32.80000
0.000280400000 32.80000
0.000280800000 32.80000
0.000281200000 33.60000
0.000281600000 32.80000
0.000282000000 32.00000
0.000282400000 34.40000
0.000282800000 32.80000
0.000283200000 32.80000
0.000283600000 32.00000
0.000284000000 32.80000
0.000284400000 31.20000
0.000284800000 32.00000
0.000285200000 31.20000
0.000285600000 31.20000
0.000286000000 32.00000
0.000286400000 30.40000
0.000286800000 28.80000
0.000287200000 28.80000
0.000287600000 29.60000
0.000288000000 28.00000
0.000288400000 28.00000
0.000288800000 26.40000
0.000289200000 26.40000
0.000289600000 24.80000
0.000290000000 24.80000
0.000290400000 24.80000
0.000290800000 24.00000
0.000291200000 22.40000
0.000291600000 22.40000
0.000292000000 22.40000
0.000292400000 20.80000
0.000292800000 20.80000
0.000293200000 20.00000
0.000293600000 20.00000
0.000294000000 20.00000
0.000294400000 19.20000
0.000294800000 17.60000
0.000295200000 16.80000
0.000295600000 17.60000
0.000296000000 16.00000
0.000296400000 15.20000
0.000296800000 15.20000
0.000297200000 15.20000
0.000297600000 13.60000
0.000298000000 13.60000
0.000298400000 14.40000
0.000298800000 14.40000
0.000299200000 13.60000
0.000299600000 12.80000
0.000300000000 13.60000
0.000300400000 13.60000
0.000300800000 14.40000
0.000301200000 12.00000
0.000301600000 13.60000
0.000302000000 13.60000
0.000302400000 13.60000
0.000302800000 14.40000
0.000303200000 14.40000
0.000303600000 14.40000
0.000304000000 15.20000
0.000304400000 14.40000
0.000304800000 14.40000
0.000305200000 16.00000
0.000305600000 16.80000
0.000306000000 16.00000
0.000306400000 17.60000
0.000306800000 17.60000
0.000307200000 18.40000
0.000307600000 19.20000
0.000308000000 19.20000
0.000308400000 20.00000
0.000308800000 20.00000
0.000309200000 20.80000
0.000309600000 20.80000
0.000310000000 21.60000
0.000310400000 22.40000
0.000310800000 23.20000
0.000311200000 24.00000
0.000311600000 24.80000
0.000312000000 24.80000
0.000312400000 26.40000
0.000312800000 25.60000
0.000313200000 26.40000
0.000313600000 27.20000
0.000314000000 28.80000
0.000314400000 28.80000
0.000314800000 28.80000
0.000315200000 28.80000
0.000315600000 29.60000
0.000316000000 29.60000
0.000316400000 30.40000
0.000316800000 30.40000
0.000317200000 31.20000
0.000317600000 30.40000
0.000318000000 30.40000
0.000318400000 31.20000
0.000318800000 31.20000
0.000319200000 32.00000
0.000319600000 31.20000
0.000320000000 32.00000
0.000320400000 32.00000
0.000320800000 32.00000
0.000321200000 30.40000
0.000321600000 30.40000
0.000322000000 31.20000
0.000322400000 30.40000
0.000322800000 29.60000
0.000323200000 30.40000
0.000323600000 29.60000
0.000324000000 28.80000
0.000324400000 28.00000
0.000324800000 28.80000
0.000325200000 27.20000
0.000325600000 28.00000
0.000326000000 26.40000
0.000326400000 26.40000
0.000326800000 25.60000
0.000327200000 25.60000
0.000327600000 24.00000
0.000328000000 24.80000
0.000328400000 24.80000
0.000328800000 23.20000
0.000329200000 22.40000
0.000329600000 22.40000
0.000330000000 21.60000
0.000330400000 21.60000
0.000330800000 20.00000
0.000331200000 19.20000
0.000331600000 19.20000
0.000332000000 18.40000
0.000332400000 18.40000
0.000332800000 17.60000
0.000333200000 16.80000
0.000333600000 18.40000
0.000334000000 16.80000
0.000334400000 16.80000
0.000334800000 16.00000
0.000335200000 16.00000
0.000335600000 15.20000
0.000336000000 16.00000
0.000336400000 14.40000
0.000336800000 16.00000
0.000337200000 15.20000
0.000337600000 14.40000
0.000338000000 15.20000
0.000338400000 14.40000
0.000338800000 15.20000
0.000339200000 14.40000
0.000339600000 15.20000
0.000340000000 14.40000
0.000340400000 15.20000
0.000340800000 15.20000
0.000341200000 15.20000
0.000341600000 16.00000
0.000342000000 16.00000
0.000342400000 15.20000
0.000342800000 16.80000
0.000343200000 16.80000
0.000343600000 17.60000
0.000344000000 16.80000
0.000344400000 16.80000
0.000344800000 19.20000
0.000345200000 20.00000
0.000345600000 20.00000
0.000346000000 20.00000
0.000346400000 20.80000
0.000346800000 21.60000
0.000347200000 21.60000
0.000347600000 21.60000
0.000348000000 21.60000
0.000348400000 23.20000
0.000348800000 22.40000
0.000349200000 24.00000
0.000349600000 24.80000
0.000350000000 25.60000
0.000350400000 24.80000
0.000350800000 25.60000
0.000351200000 27.20000
0.000351600000 27.20000
0.000352000000 27.20000
0.000352400000 27.20000
0.000352800000 27.20000
0.000353200000 28.80000
0.000353600000 28.80000
0.000354000000 28.00000
0.000354400000 28.80000
0.000354800000 29.60000
0.000355200000 30.40000
0.000355600000 29.60000
0.000356000000 30.40000
0.000356400000 29.60000
0.000356800000 31.20000
0.000357200000 29.60000
0.000357600000 29.60000
0.000358000000 29.60000
0.000358400000 29.60000
0.000358800000 29.60000
0.000359200000 29.60000
0.000359600000 30.40000
0.000360000000 29.60000
0.000360400000 29.60000
0.000360800000 28.80000
0.000361200000 28.80000
0.000361600000 29.60000
0.000362000000 28.00000
0.000362400000 28.00000
0.000362800000 27.20000
0.000363200000 27.20000
0.000363600000 26.40000
0.000364000000 26.40000
0.000364400000 26.40000
0.000364800000 25.60000
0.000365200000 24.80000
0.000365600000 23.20000
0.000366000000 23.20000
0.000366400000 23.20000
0.000366800000 23.20000
0.000367200000 21.60000
0.000367600000 22.40000
0.000368000000 22.40000
0.000368400000 20.80000
0.000368800000 20.80000
0.000369200000 19.20000
0.000369600000 20.00000
0.000370000000 20.00000
0.000370400000 18.40000
0.000370800000 17.60000
0.000371200000 17.60000
0.000371600000 19.20000
0.000372000000 17.60000
0.000372400000 16.80000
0.000372800000 17.60000
0.000373200000 16.80000
0.000373600000 16.00000
0.000374000000 16.00000
0.000374400000 16.00000
0.000374800000 17.60000
0.000375200000 16.00000
0.000375600000 16.80000
0.000376000000 15.20000
0.000376400000 16.00000
0.000376800000 16.00000
0.000377200000 15.20000
0.000377600000 16.00000
0.000378000000 16.00000
0.000378400000 16.00000
0.000378800000 16.00000
0.000379200000 16.00000
0.000379600000 16.80000
0.000380000000 16.80000
0.000380400000 16.80000
0.000380800000 16.00000
0.000381200000 17.60000
0.000381600000 17.60000
0.000382000000 18.40000
0.000382400000 18.40000
0.000382800000 20.00000
0.000383200000 19.20000
0.000383600000 19.20000
0.000384000000 20.00000
0.000384400000 20.80000
0.000384800000 22.40000
0.000385200000 21.60000
0.000385600000 22.40000
0.000386000000 22.40000
0.000386400000 22.40000
0.000386800000 23.20000
0.000387200000 24.00000
0.000387600000 24.00000
0.000388000000 25.60000
0.000388400000 25.60000
0.000388800000 24.80000
0.000389200000 25.60000
0.000389600000 26.40000
0.000390000000 25.60000
0.000390400000 27.20000
0.000390800000 27.20000
0.000391200000 28.00000
0.000391600000 28.80000
0.000392000000 28.00000
0.000392400000 28.00000
0.000392800000 28.80000
0.000393200000 28.80000
0.000393600000 28.80000
0.000394000000 29.60000
0.000394400000 28.00000
0.000394800000 29.60000
0.000395200000 28.80000
0.000395600000 28.80000
0.000396000000 28.80000
0.000396400000 29.60000
0.000396800000 28.80000
0.000397200000 28.00000
0.000397600000 28.80000
0.000398000000 28.80000
0.000398400000 28.80000
0.000398800000 28.00000
0.000399200000 28.00000
0.000399600000 27.20000
0.000400000000 27.20000
0.000400400000 26.40000
0.000400800000 26.40000
0.000401200000 27.20000
0.000401600000 25.60000
0.000402000000 25.60000
0.000402400000 24.80000
0.000402800000 25.60000
0.000403200000 24.00000
0.000403600000 23.20000
0.000404000000 23.20000
0.000404400000 22.40000
0.000404800000 23.20000
0.000405200000 21.60000
0.000405600000 21.60000
0.000406000000 21.60000
0.000406400000 20.80000
0.000406800000 20.00000
0.000407200000 20.80000
0.000407600000 20.00000
0.000408000000 19.20000
0.000408400000 19.20000
0.000408800000 18.40000
0.000409200000 17.60000
0.000409600000 19.20000
0.000410000000 18.40000
0.000410400000 17.60000
0.000410800000 17.60000
0.000411200000 16.80000
0.000411600000 17.60000
0.000412000000 16.80000
0.000412400000 16.80000
0.000412800000 16.80000
0.000413200000 16.00000
0.000413600000 16.80000
0.000414000000 17.60000
0.000414400000 16.80000
0.000414800000 17.60000
0.000415200000 16.80000
0.000415600000 16.80000
0.000416000000 16.80000
0.000416400000 16.80000
0.000416800000 16.80000
0.000417200000 16.80000
0.000417600000 16.80000
0.000418000000 18.40000
0.000418400000 17.60000
0.000418800000 17.60000
0.000419200000 18.40000
0.000419600000 19.20000
0.000420000000 20.00000
0.000420400000 19.20000
0.000420800000 20.00000
0.000421200000 20.80000
0.000421600000 20.00000
0.000422000000 20.80000
0.000422400000 20.80000
0.000422800000 21.60000
0.000423200000 21.60000
0.000423600000 22.40000
0.000424000000 23.20000
0.000424400000 24.00000
0.000424800000 24.00000
0.000425200000 24.00000
0.000425600000 24.00000
0.000426000000 24.80000
0.000426400000 24.80000
0.000426800000 25.60000
0.000427200000 25.60000
0.000427600000 25.60000
0.000428000000 25.60000
0.000428400000 25.60000
0.000428800000 26.40000
0.000429200000 28.00000
0.000429600000 27.20000
0.000430000000 27.20000
0.000430400000 27.20000
0.000430800000 28.00000
0.000431200000 28.00000
0.000431600000 28.00000
0.000432000000 28.00000
0.000432400000 28.80000
0.000432800000 28.80000
0.000433200000 28.00000
0.000433600000 28.00000
0.000434000000 28.00000
0.000434400000 28.80000
0.000434800000 28.00000
0.000435200000 28.00000
0.000435600000 26.40000
0.000436000000 27.20000
0.000436400000 27.20000
0.000436800000 26.40000
0.000437200000 26.40000
0.000437600000 26.40000
0.000438000000 25.60000
0.000438400000 25.60000
0.000438800000 25.60000
0.000439200000 25.60000
0.000439600000 24.80000
0.000440000000 24.00000
0.000440400000 24.00000
0.000440800000 25.60000
0.000441200000 24.00000
0.000441600000 24.00000
0.000442000000 23.20000
0.000442400000 23.20000
0.000442800000 21.60000
0.000443200000 22.40000
0.000443600000 21.60000
0.000444000000 20.80000
0.000444400000 21.60000
0.000444800000 20.80000
0.000445200000 20.00000
0.000445600000 19.20000
0.000446000000 19.20000
0.000446400000 19.20000
0.000446800000 19.20000
0.000447200000 19.20000
0.000447600000 18.40000
0.000448000000 17.60000
0.000448400000 17.60000
0.000448800000 17.60000
0.000449200000 18.40000
0.000449600000 17.60000
0.000450000000 16.80000
0.000450400000 17.60000
0.000450800000 17.60000
0.000451200000 17.60000
0.000451600000 16.80000
0.000452000000 16.80000
0.000452400000 17.60000
0.000452800000 18.40000
0.000453200000 16.80000
0.000453600000 17.60000
0.000454000000 18.40000
0.000454400000 17.60000
0.000454800000 16.80000
0.000455200000 18.40000
0.000455600000 19.20000
