0.07    0.0   0.07   1.7   
0.38    0.1   0.38   1.2   
0.86    0.1   0.87   1.3   
1.33    0.1   1.35   1.4   
1.81    0.1   1.84   1.4   
2.28    0.1   2.32   1.5   
2.76    0.1   2.80   1.5   
3.23    0.1   3.28   1.4   
3.71    0.1   3.77   1.4   
4.19    0.2   4.25   1.0   
4.66    0.2   4.61   1.0   
5.14    0.2   4.85   0.4   
5.62    0.2   5.22   0.2   
6.10    0.3   5.70   0.2   
6.57    0.3   6.18   0.2   
6.81    0.4   6.67   0.1   
7.04    0.4   7.15   0.2   
7.28    0.4   7.63   0.2   
7.52    0.4   8.11   0.2   
7.76    0.6   8.59   0.1   
8.00    0.8   9.08   0.1   
8.23    0.8   9.56   0.1   
8.47    1.0   9.90   0.0   
8.71    1.6   0	     0      
8.94    1.8   0	     0
9.18    3.6   0	     0
9.42    9.0   0	     0
9.66    4.4   0	     0
9.90    0.8   0	     0
10.14   0.0   0	     0
