# Abstand_Einspannung Ausschlag_ohne Gewicht Ausschlag_mit_Gewicht
500 6.39 8.85
495 5.60 7.88
490 5.56 7.64
485 5.48 7.64
480 5.33 7.45
475 5.24 7.49
460 5.18 7.24
455 5.13 7.16
450 5.01 7.14
440 4.78 6.65
430 4.59 6.47
420 4.45 6.27
410 4.32 6.07
390 3.99 5.63
360 3.56 5.00
330 3.14 4.41
290 2.63 3.64
250 1.02 1.79
245 1.06 1.75
240 1.02 1.63
235 0.95 1.58
230 0.89 1.49
225 0.81 1.44
220 0.77 1.33
215 0.72 1.26
210 0.63 1.19
200 0.57 1.04
190 0.43 0.91
180 0.36 0.78
170 0.27 0.62
150 0.09 0.38
120 -0.12 0.06
90  -0.34 -0.22
60  -0.45 -0.40

